. .- πθ ⁶- Δ. 3
' 333333 33 33 33 3333 333 33 333 333 33333 33333 3333 ‚· ·
35 33 333353 33333 33335333 353 333333 3333 33333 33333 .

333333333333333 33353333 3333333333 33533333 ,
33333 333353 333333 53333333 3333 333 3333 53 ·

3333· ’3353 33533 35 333333 3333333 3333 53 3333 ·

333533 33333333 3333333 3333 533333 33333 33 33
, 'Q' ³³5] 333333 33333 333333 333- 33333 3533 335 nx} ·,
335333 35333 3533 333333 353333 33333 33333 3333 m '

3333 333333 33333 3333 335333 33 3333 3333 33333 33 ·'· ¹
333333 'nst 3333 333333 33533 333333 335333 3333 ι333333 ’χ , =
3353 333333 335333· 3333 33333 33 ,33333 3333, Π3Π3Ι 333, ,“

·’ 33333 33 33333 3333 33333 33 33 35333 3333 33 ’333333 3
333533 33333 33333 35 333, 333 33533 33333333 3333333 33333
333333 3333 03 33353 new ’3Π 55 3353 3333 33333333 · “

3335333 333 333333 33333 Ἱ55ΠΠ3 ’vm 31333, 3353 ,33333 333 ·”

33353333 3353 3333 35535, vm unp ’ 3 ·,
pff 333 3333 335335” 333 53 33333 3333) mm mn , ·· ..

,333 33 33333 333533 333333533ζ3353ζξ 333 3333335353 , · .
313333 333333 33 3333 :mv 3333333 33 33 33333333 ,“
3· 333 3 3 3333 33333 3333 333 53 3.·’33 333333 333 · '1 ⁵
353 53 3333333333 3333 333333 33333 ’333333 33333 333335· -’

¹ 3Π5Π ΠΠῙΠΤ 333 33333 3333 33333333 333 333 33333333 ’
ΠἹΠἸΠ 51² 335 pm 33333ῃ ῃ55333 333333 3333 3533 3333 x

3Π5333 tymi* 333 3333

· 333333 33333333 333 53 3333 33333 3333 333533 3333
3333333, 3333333 3333333333 3335 3333335 33 555. 353 33353 -
33 33333 3333 3333 3333 33333 333333 333333 33533
533 333 335 333333 333 3353 333 3333333 333333

3333 3333333 333333 35335 33333333 5333 max 335, ΠΠΠ
33333 333 33333333 33333 33333 3333333 3333 3333333 5333 .

333333 3333333 3533ζί3 333 3335 3333

 

