. ¹ 7
··„--7'57- ·

' 7777 333 33333 3333 53335 33333 3333 333 ’33333 333533,
· · . 333333 3333 3353333333 333 33333 33 3333

1333333333. 33 75.

¹ Ι. ,3333333335 33333 333 7 333 33 353 (33333333 33) 3ΜἾ

mn 7737* “pm 757 777 777777777 1333 7777 :7777 ΠΠὯ ’ΠΠ 7777

, 2 333 333 3333 333335 ,35333 3533 3333 3333 3333 “7777

¹ 0‘ 7777 77777 77³7 Um· 7777 7777 27777 7

7⁰77 7777 '77777777 333 3333 53335 33333333 3353 533 35 3333
’ 333 3333, 3533 35333“ 333 333, 3333 33333 53 33333333 33

5 3333 ’333 33353
.”333 3335 777 3333,

Adp 197. Haud parvi momenti ad historiam lin-
'guae hebraicae 33333ῑί333333333333333333331133333-
dam haec lbn-Ezrae observatio est, ex cod. mser.
libn Safa'berura, quem 7767 Romae absolvit, desumtaz

' ,333 333 33333 3335 33 333 3333 ’3 3333333 777 33333333 33 33
“ 33333 ,3333333333 333333 3333 3333 3333 ,3335 33333 33333
’ .- 777 333 3333 3335 7¹¹7 7777 53 33 3335 7¹¹7 333 33333 33 333

, . ,3333 33 3333 ’33 333 33 33333 ’3 333 3333 333333 ,3335 35
’ 33333 3333333 33 335333 33333 333 333 353 333333 ’3 ,33

’ . 7777 777 33 33333 ’3 335 333 33 333533 3333 33353 3533 333

,33353333 3333333 333333 33 3333 33333 333333 33335 7777 33333

ζ “ -, · 33 ,3333 3335 33 333 33333 33333 333, 7¹¹7 33333 33333 ἠ 333,

777 „23 ,ῃ-,η 3,, ,3 3335 5333 333 ,333535 333 5333 777 ,333

- 33333 33 333 3333 333 333 77777 333 35 ,3333 3333 ,53 33 33

3335 33 33 33333 3335 3333 33333 3333 333 3333 33333 33333 33
“ 33333 353 53 3333 ,3335 33 33335 33 33 33333 3335 33 333
3333 3333 ’33353 33333

Ad hunc locum Ibn-Ezrae respicit Simson 777qu
ι cum dicit (Simsoni f. 46, 77.]:

33 ,7777 333333 777 35 33333 3353 3333 53 33333 3333 3333
33 7¹⁸7 33333 777'7 53 3333 3333333 3333 33 ,3333 33333 33333
333333 33333 3333333 333 3333 533 333 ,3333333 333 333
333333 33333333 533 3333333 33 333 77 33 77 7777 3331335333
’3333333 333333 353 7777777‘7 333 33 ,333333 33 3333Ι 7¹¹7 77:77
333333 33333333 33 33 333333 ’3 33 33 33 3333 333 3533 333 533
7¹¹7 ’3 333 ’3333 33335 ,333 333333 33 3335 335 33 ,33533 3333

 

